-2.891297 -2.539802 0
0.035240 -2.243648 0
0.767079 -1.281560 0
0.524247 2.405271 0
0.759046 -1.260158 1
2.367969 -1.511910 1
-0.064184 1.695710 0
0.733586 -3.956886 0
0.158333 2.106041 0
0.471045 -0.565844 1
-2.172186 1.888416 1
0.198042 3.386554 1
-1.284004 -0.713610 0
-2.908944 5.015285 1
-2.579232 1.605973 0
0.307492 1.414008 0
2.282980 1.482667 0
-1.014678 3.250823 1
-1.817765 1.979905 0
-3.103719 2.092098 0
6.406509 0.951353 1
1.366175 1.147519 1
-0.305485 2.959547 0
-1.486417 0.728021 0
-4.912694 4.869440 1
0.485550 -1.524911 1
-2.395520 -3.080045 0
-3.204290 2.035723 1
-0.669663 3.197656 0
0.565616 2.442716 1
-3.881384 1.986700 1
3.295164 -0.391889 1
1.107462 -2.499484 1
2.250600 -0.991545 0
-0.738930 -1.433626 0
6.725529 0.776346 1
-3.426043 5.029361 0
6.692341 0.388150 1
0.092158 -0.296804 0
0.116715 -3.524103 1
-3.277670 2.745369 0
1.846654 -3.297262 1
2.055342 0.909069 0
-0.992538 -2.019734 1
1.720707 0.879135 0
2.376935 1.776250 1
-0.285207 2.368815 1
-3.543156 3.822492 1
1.827546 2.522069 1
-0.504923 1.921507 0
-1.250624 2.007839 0
0.684750 -0.511991 0
-4.310056 -2.570643 1
3.502399 2.848891 0
4.404548 0.005709 1
2.312339 0.083071 0
-4.437754 -0.955005 0
-1.525714 0.009503 1
5.207124 -4.429505 0
4.509983 2.832399 1
5.203942 0.716458 1
0.992051 -2.185423 1
0.778029 4.295806 0
-1.913719 2.149709 0
1.489579 1.462455 1
-0.547333 4.800853 1
4.288176 1.463169 0
-0.794111 -0.144631 1
0.540460 2.506767 1
0.431441 3.363778 1
5.443999 5.016652 1
1.301766 3.289628 0
0.746795 1.248851 1
-0.330281 3.057227 1
-1.921570 -0.082904 0
2.061509 -0.777867 1
-0.308684 -0.308752 1
1.929691 5.192697 0
0.372189 -1.049828 0
-2.371497 1.680512 0
-2.335103 0.835027 0
-6.450087 0.492562 1
2.123540 1.218963 0
-0.380093 -2.138015 1
-3.445925 0.942867 0
4.275096 -0.649740 1
0.409774 -2.663633 0
0.103942 -4.518208 0
-0.395500 -5.126503 1
-0.112351 0.568166 0
0.025116 6.608820 0
-1.149799 2.516778 1
-3.745671 -3.067945 0
-0.616901 0.485936 1
-1.057270 -1.317462 1
-3.776727 0.748512 1
3.041818 -1.318459 0
-1.146965 0.933324 1
-1.598872 2.574720 0
0.117234 2.872327 0
-0.382558 -1.818610 1
0.681337 -1.617363 0
-0.102891 -0.438903 1
2.365643 -4.899539 1
0.011309 0.075876 1
-0.345314 4.388282 1
-1.629726 5.081410 0
-0.982246 -1.554979 0
-0.212239 -2.470981 0
7.989331 3.427237 1
-2.106762 0.163873 0
-2.147554 3.262404 1
0.592868 1.914397 1
-2.410512 3.261182 1
2.602197 0.166044 1
2.582168 3.085219 0
0.126930 -2.399241 1
0.210246 -0.730262 1
2.631325 3.807187 1
2.731597 2.330547 0
-2.640503 -2.584757 0
-2.057523 -0.141332 0
1.928043 0.489338 1
-2.171012 5.681682 0
0.702699 2.889577 0
-0.684117 2.235716 0
-0.756880 -2.668744 0
2.018689 0.050868 0
2.071166 -2.183306 1
-2.657538 1.236333 0
0.684956 0.125357 0
0.272198 4.328160 1
1.325716 5.320289 1
1.242284 -0.054767 0
-1.334477 -0.589514 1
0.118730 -1.481810 0
0.326952 0.567987 1
3.138237 0.503224 0
0.819673 0.386517 1
0.968271 0.502704 1
1.691605 3.330251 1
0.719293 0.168341 1
-1.225571 0.777566 0
1.122914 -1.242917 1
2.096309 -2.194330 1
4.590005 0.887159 0
4.997190 3.991850 1
-1.241747 2.591711 0
2.823140 -0.722225 0
1.873149 3.059686 1
-1.598748 -2.927335 1
5.257496 -1.467655 0
1.930902 -2.601395 0
2.466144 4.017394 1
1.016566 5.816802 1
-1.642344 -2.483337 1
-0.787102 7.251137 0
-1.105730 -3.208073 0
-1.858904 -0.333089 1
-2.424020 4.325550 0
-3.966327 0.489430 1
-2.224764 -1.047767 0
-3.226650 -1.316242 1
1.586277 -1.186060 1
-2.763190 2.410796 1
-3.821765 -1.348896 0
-3.663887 -0.600899 0
-4.144168 0.912299 0
1.742774 1.976640 0
-0.528674 1.460841 0
-4.111529 -1.047723 0
-3.002944 1.389959 0
-1.324303 -2.075570 1
-0.564590 -0.300303 1
0.787341 0.267399 1
1.733522 1.406425 1
0.123669 -0.807975 0
-6.335295 3.357067 1
0.984089 2.387299 0
-2.238132 -3.508842 1
0.486957 -0.816644 0
-0.092955 4.084549 0
1.544422 -1.815589 1
-3.923885 -0.759871 0
-0.913633 2.348137 0
-1.299146 1.807114 0
-2.410529 2.168139 1
0.443190 3.718571 0
-0.856273 -1.496311 1
1.061634 -3.647121 1
3.165313 -1.129641 1
-4.922388 0.384430 0
-3.599444 2.143324 1
0.532431 -0.527389 1
0.518416 0.264600 0
-1.457185 1.163249 1
2.769817 2.429871 0
-2.781219 1.634695 0
0.043361 -3.111156 0
-3.723987 1.136959 1
-3.495848 4.045485 1
0.781742 -1.817632 1
-2.601801 -0.965030 0
0.434771 0.482195 0
-2.189203 -0.352750 0
1.874084 6.305032 1
4.099939 1.975575 1
-0.173000 -2.055609 0
1.208625 -1.721400 1
-1.312823 -1.182609 0
1.137008 2.615102 0
3.211584 1.264352 1
0.500772 1.316835 0
-1.489985 0.894375 1
4.170009 0.917486 1
-3.217837 -2.850427 0
0.651809 4.139105 0
-4.384851 -0.250484 1
-1.323395 -0.013433 0
-0.926886 -0.453096 1
-0.414581 -0.302045 0
-1.303056 1.030839 0
3.407342 -4.555176 1
-0.397360 1.454994 0
-1.305290 3.173091 0
-2.349246 -1.588811 0
1.138370 -0.409920 1
-3.404336 3.487685 1
4.048022 0.813537 1
4.914519 3.444712 1
-3.939032 4.452175 1
-0.159203 -2.193563 0
1.438708 -1.692180 0
0.106046 2.179980 1
-2.932773 -2.609397 1
-1.951376 0.991861 0
-0.318214 1.303594 0
-2.562164 2.418426 0
1.905855 3.841314 0
1.906695 2.024786 0
-6.674823 2.505471 0
2.885979 -0.646741 1
0.338214 1.497254 1
-3.569633 -1.893848 0
-2.081368 7.209255 1
-0.674640 1.343496 0
0.614841 1.103352 0
-3.126201 -0.385539 0
0.769009 1.852676 0
1.057634 0.268642 0
5.349047 -1.570031 0
3.068702 -1.028214 0
-4.876476 0.405499 1
-1.188856 -1.531677 1
-1.684057 1.806970 1
-1.033515 -1.353883 1
5.234400 2.035512 0
0.577698 1.004054 1
3.240372 0.797096 1
0.413433 -1.449076 1
3.569275 -0.844961 0
0.577020 -1.106034 0
-1.779926 2.581798 0
-2.181883 0.313832 1
-1.142026 -0.738848 1
1.242624 2.154764 1
0.362925 0.702690 1
0.479446 -4.332486 0
1.908333 -2.626446 0
0.728930 5.141141 0
-0.356849 -3.129558 1
-0.322228 -0.053509 1
3.822572 2.369301 0
5.179931 3.031877 0
-2.197947 -0.949738 0
-2.376922 0.272351 1
-3.078334 2.486460 1
2.184601 -1.677114 1
1.312761 -3.628159 1
-1.275288 5.159421 1
1.219994 -0.881663 1
2.938190 -3.768549 1
1.734810 0.120686 1
3.839582 -2.643824 0
5.661187 -4.217449 0
0.508604 0.239106 1
-0.177714 0.744033 0
2.069529 1.738958 1
-2.015954 -2.750912 1
0.607221 -1.335164 0
2.163045 1.272592 0
-0.215025 4.362323 0
1.599900 -0.552337 0
-0.156077 -1.792422 0
-2.023292 0.826699 0
1.252293 0.546563 1
0.736382 -2.710061 1
1.579423 -0.324953 0
1.278260 -0.424162 1
0.881166 2.555463 1
4.538976 1.635297 0
-1.070169 1.626140 1
0.024553 -1.959806 1
4.363668 -2.821954 1
0.971076 -2.563572 1
1.341683 5.926853 0
-2.120179 2.343428 1
2.782449 0.476297 0
-1.337461 0.746796 1
-5.435199 -0.863673 0
0.193241 2.332051 1
3.477723 -3.138941 0
1.938081 2.484488 0
-4.803182 -1.891916 1
-4.408296 3.835395 0
3.955568 -3.124639 0
2.452039 2.778915 0
-1.468730 -2.892854 1
-2.442786 0.301901 0
-1.896916 -2.828700 1
3.381526 -3.053913 0
0.135431 3.016155 1
1.162159 10.082543 0
-1.019171 1.851736 1
1.434840 2.021578 0
1.616640 4.232221 1
0.117030 1.938607 0
-1.277057 3.093520 0
1.590191 -3.581075 0
-4.002118 0.622122 0
1.774882 -0.145567 1
0.396699 -4.448461 0
-4.154671 4.368410 1
-1.627057 -0.278520 0
0.049045 -0.512570 0
0.778630 -1.162085 0
1.136136 -0.401393 1
-2.300986 0.152453 1
-1.616019 -3.883906 1
-0.610286 3.526624 1
-1.338869 0.655400 0
-0.171743 -0.270932 0
1.162128 1.735179 0
2.865018 1.809793 1
-8.228628 -2.110255 0
-2.969045 2.302481 1
-2.146694 -0.803678 0
-0.011530 -1.178287 0
0.338175 4.819393 1
-1.364430 2.054796 1
-2.484310 5.008976 1
1.888610 -3.525501 1
4.455815 3.164225 1
2.350056 0.811594 1
-1.853765 2.379074 1
1.905569 4.049878 1
2.259545 2.079192 0
-0.027665 -1.760552 1
-0.112676 -0.135754 0
-0.606362 1.204583 0
1.179394 1.193176 0
0.566267 2.518672 0
0.064052 -1.242190 0
-0.818604 1.571551 1
3.538662 -0.113726 0
-1.825522 1.031349 0
2.381359 -2.195968 1
2.807861 -0.813930 1
1.494652 1.188010 1
-0.411809 3.545255 0
1.172906 4.282562 0
-2.802691 1.656895 0
2.469941 -0.186759 1
0.906869 -0.958597 0
0.941435 -1.632492 1
-1.091994 -2.366395 1
-1.449860 1.733883 0
0.020062 -2.406711 0
-1.880593 -0.368441 0
-0.305241 -1.640610 1
2.607573 5.401841 1
-2.083593 -0.354439 0
-1.269917 0.693527 1
-2.223504 -0.322317 0
1.109448 0.080548 1
1.852120 -1.822754 0
-2.181011 1.059932 0
0.204658 5.055301 1
-5.886982 -1.363939 1
-2.242444 -3.336404 0
-5.188316 0.916850 0
2.637839 -0.661812 1
2.771029 -1.600991 0
-2.666017 -4.469781 1
-1.034124 -0.811246 1
1.525424 1.090390 1
-0.645766 -0.781788 0
-0.381388 2.422155 1
-1.236665 -2.888353 1
0.932204 3.085027 1
